0  1  0  0.6679888332  0.593175041  0.459333165  0  
0.1479178958  0.3285573317  0.1479178958  0.7540719357  0.6791772268  0.5664825179  0.1766859357  
0.2733189789  0.2781263735  0.2733189789  0.8218916528  0.7488764818  0.6566327669  0.322548789  
0.370319957  0.2211069328  0.370319957  0.8668307687  0.7981944717  0.7210680087  0.4298778704  
0.4557602602  0.1954968902  0.4557602602  0.9028833084  0.83949196  0.7761747363  0.5220430169  
0.53660604  0.1827333554  0.53660604  0.935675117  0.8777381921  0.8284503715  0.6084393157  
0.6098897091  0.1656477302  0.6098897091  0.9628501164  0.910852071  0.8744120994  0.6851321478  
0.6728256655  0.1447244906  0.6728256655  0.9822746842  0.9369489921  0.9109358684  0.7485583916  
0.7252819599  0.1243403482  0.7252819599  0.9939975315  0.9560719813  0.9376995614  0.7987993942  
0.765771906  0.1021799244  0.765771906  0.9972264678  0.9675213058  0.9530395463  0.8345322076  
0.8052109611  0.09866413617  0.8052109611  1  0.9783972876  0.9684281579  0.8691810326  
0.8394286391  0.08846195382  0.8394286391  0.9994199927  0.9861400366  0.9793583071  0.8979060211  
0.8731303825  0.08613382162  0.8731303825  0.9987494642  0.9936317399  0.9906635354  0.9261563711  
0.902134343  0.07702025709  0.902134343  0.9951333183  0.9983505233  0.9978071252  0.9491641092  
0.9257433545  0.06696038632  0.9257433545  0.9882360058  1  1  0.9663688727  
0.9448278777  0.05856054584  0.9448278777  0.9787865457  0.9992241043  0.9981726127  0.9789881137  
0.9577237111  0.04774103229  0.9577237111  0.9661156734  0.9954316822  0.9906484682  0.9859041691  
0.9690468787  0.04467126325  0.9690468787  0.9528698227  0.990960299  0.9823629165  0.9915365488  
0.9780964381  0.04059217526  0.9780964381  0.9387590138  0.9855538186  0.9725869685  0.9954009901  
0.9849006986  0.03672968589  0.9849006986  0.9238860376  0.979303035  0.9613972634  0.9976691523  
0.9903860532  0.03437162148  0.9903860532  0.9086892324  0.9725951275  0.9497035704  0.9990730547  
0.994620371  0.03219257557  0.994620371  0.8932263124  0.9654810745  0.9375662189  0.9997090795  
0.9983063114  0.03099742364  0.9983063114  0.8777504374  0.9581844891  0.9255620426  1  
1  0.02786190664  1  0.8618032959  0.9503005499  0.9124142742  0.999180442  
0.9999194669  0.02522865609  0.9999194669  0.8455373883  0.9419639589  0.8984102924  0.9975050794  
0.9979847619  0.02296662859  0.9979847619  0.8290604348  0.933269864  0.8837557115  0.995153803  
0.9964762861  0.02293896063  0.9964762861  0.8128172451  0.9246111607  0.8698182522  0.9928694398  
0.9939119668  0.02156056615  0.9939119668  0.7965488512  0.9157591054  0.8557174239  0.9902195162  
0.991657698  0.02147562715  0.991657698  0.7804994114  0.9069293604  0.842225547  0.9876117735  
0.9884722603  0.02008761135  0.9884722603  0.7644299216  0.897910816  0.8285059774  0.984647078  
0.9820222709  0.01663926088  0.9820222709  0.7480293002  0.8884286975  0.8132765541  0.9808059274  
0.9757653242  0.01650648707  0.9757653242  0.7318250306  0.8789489249  0.798556421  0.9769692123  
0.9693483345  0.01610078322  0.9693483345  0.715778002  0.8694369522  0.7841517265  0.973071618  
0.9625147379  0.01547655926  0.9625147379  0.6998580838  0.8598661652  0.769907022  0.9690628266  
0.9543375911  0.01422147442  0.9543375911  0.6839855696  0.8501661603  0.7554246715  0.9648097299  
0.9462765137  0.01406039655  0.9462765137  0.668302426  0.8404623348  0.7413436675  0.9605494098  
0.9383338674  0.01387883002  0.9383338674  0.6528061883  0.8307525119  0.7276304232  0.9562777507  
0.9292886009  0.01282246284  0.9292886009  0.637392946  0.8209449084  0.71374994  0.9518212232  
0.9196722125  0.01229497531  0.9196722125  0.6221274076  0.8110966808  0.7000017578  0.9472878897  
0.9104671924  0.01226647975  0.9104671924  0.6070642395  0.8012561152  0.6866623366  0.9427690423  
0.8993540196  0.01090484722  0.8993540196  0.5920673325  0.7913029878  0.6729415605  0.9380373805  
0.8884174102  0.0108047735  0.8884174102  0.5772632737  0.7813491117  0.6595619955  0.933304303  
0.8776718287  0.01069827235  0.8776718287  0.5626515435  0.7713940278  0.6465045492  0.9285689421  
0.8669636781  0.01050355975  0.8669636781  0.5482240118  0.7614305551  0.6337045569  0.9238177208  
0.8556111709  0.009946333003  0.8556111709  0.5339485776  0.751430339  0.6209438419  0.9189970308  
0.8442985229  0.009760726461  0.8442985229  0.5198582502  0.7414225362  0.6084231145  0.914161997  
0.8324544352  0.009277781718  0.8324544352  0.5059288203  0.7313857629  0.5959642494  0.9092721903  
0.8196947578  0.008702118268  0.8196947578  0.4921552631  0.7213155809  0.5835074434  0.9043192194  
0.8072964381  0.008660283419  0.8072964381  0.4785775715  0.7112473154  0.5713419239  0.899369872  
0.7937125253  0.008074789992  0.7937125253  0.4651579546  0.701147586  0.5591569296  0.8943610375  
0.7803538074  0.00802840129  0.7803538074  0.4519332735  0.6910489518  0.5472424416  0.8893542737  
0.7675078185  0.008018580245  0.7675078185  0.438906057  0.6809536466  0.5356084078  0.8843538037  
0.7547075379  0.007878754024  0.7547075379  0.4260677711  0.6708541322  0.5241745175  0.8793453757  
0.742063801  0.007770158654  0.742063801  0.4134205044  0.6607522534  0.5129494193  0.8743324775  
0.7293344081  0.007564240128  0.7293344081  0.4009580324  0.6506425124  0.501872807  0.8693047145  
0.7163821501  0.007325245883  0.7163821501  0.3886785057  0.6405232755  0.4909201452  0.8642589982  
0.703772548  0.007274989464  0.703772548  0.3765935427  0.6304048051  0.4801855044  0.8592147311  
0.6905382843  0.006844730237  0.6905382843  0.364680889  0.6202674442  0.4694604689  0.8541347487  
0.6771824254  0.006638715851  0.6771824254  0.3529539177  0.6101230051  0.4588589507  0.8490413839  
0.6634338312  0.006353510788  0.6634338312  0.3414088372  0.5999681386  0.4483338924  0.8439283047  
0.6492793458  0.006128530136  0.6492793458  0.33004912  0.5898059121  0.4379119672  0.8388013102  
0.6355516678  0.006105367473  0.6355516678  0.3188844753  0.5796449015  0.4276928222  0.8336766147  
0.6220682137  0.006038987997  0.6220682137  0.3079129041  0.5694833411  0.4176479161  0.8285508796  
0.608863457  0.005972142168  0.608863457  0.2971344162  0.5593212398  0.4077713511  0.8234241217  
0.594561099  0.005499617062  0.594561099  0.2865310725  0.5491427518  0.3978505769  0.8182663826  
0.5801985796  0.005382095161  0.5801985796  0.2761185704  0.5389617427  0.3880638074  0.813103877  
0.5658070479  0.005287702828  0.5658070479  0.2658978655  0.5287790565  0.3784180867  0.8079382004  
0.5513005034  0.005217751155  0.5513005034  0.2558699304  0.5185955523  0.3689210848  0.8027709774  
0.5373762886  0.005213298075  0.5373762886  0.2460373415  0.5084135059  0.3596009775  0.7976065104  
0.5238855451  0.005197002249  0.5238855451  0.2363997271  0.4982325887  0.3504469817  0.7924441786  
0.5108424033  0.005179314139  0.5108424033  0.2269571167  0.4880528271  0.3414538078  0.7872840314  
0.4982295273  0.005154647714  0.4982295273  0.2177093133  0.4778740468  0.332613609  0.7821257396  
0.4858434005  0.005084251889  0.4858434005  0.2086545096  0.4676946516  0.3238997204  0.7769662852  
0.4737440529  0.005023096928  0.4737440529  0.1997931151  0.4575150032  0.3153129398  0.7718063521  
0.4618703147  0.004938392145  0.4618703147  0.1911242122  0.447334291  0.3068381435  0.7666444078  
0.4501596882  0.004825536915  0.4501596882  0.1826467112  0.4371515527  0.2984582974  0.7614786327  
0.4381484873  0.004557414757  0.4381484873  0.1743548585  0.4269617059  0.2900952173  0.756299418  
0.4258306032  0.004345353928  0.4258306032  0.1662511158  0.4167669252  0.2817738787  0.7511108751  
0.4139958554  0.004324828635  0.4139958554  0.1583419883  0.4065729565  0.2735838977  0.7459238673  
0.4023167734  0.004217943553  0.4023167734  0.1506246517  0.3963773052  0.2654807122  0.7407336783  
0.3902984093  0.003977302266  0.3902984093  0.1430950343  0.3861763747  0.2573979913  0.7355335083  
0.3781913035  0.003842874443  0.3781913035  0.1357565392  0.3759731709  0.2493842549  0.7303290404  
0.3664224245  0.003800342876  0.3664224245  0.128611775  0.3657699982  0.2414805167  0.7251246311  
0.3549832649  0.003751003527  0.3549832649  0.1216605846  0.3555667176  0.2336807862  0.7199200178  
0.3434910088  0.003626358155  0.3434910088  0.1149009363  0.3453615345  0.2259471578  0.7147118077  
0.3323885385  0.003591262156  0.3323885385  0.1083352478  0.3351565846  0.2183192339  0.7095040382  
0.3214023723  0.003508019506  0.3214023723  0.1019622778  0.3249507713  0.2107720911  0.7042946366  
0.3108571653  0.003480504966  0.3108571653  0.0957835136  0.3147454084  0.2033292985  0.6990860866  
0.300453859  0.003396721793  0.300453859  0.08979752257  0.3045392305  0.1959624832  0.6938759956  
0.2903053282  0.003342583243  0.2903053282  0.08400509827  0.2943329386  0.1886831996  0.6886656889  
0.2803205698  0.003301631524  0.2803205698  0.078406624  0.2841268711  0.1814953473  0.6834558066  
0.2710831399  0.003300628211  0.2710831399  0.07300323331  0.2739220293  0.1744150388  0.6782482417  
0.2622303735  0.00325433161  0.2622303735  0.06779382503  0.2637174406  0.1674194484  0.6730411553  
0.2537783599  0.003203146985  0.2537783599  0.06277833685  0.2535130499  0.1605044183  0.6678344433  
0.2453966925  0.003036054229  0.2453966925  0.05795372585  0.2433061696  0.153615637  0.6626230242  
0.2372068833  0.002918914782  0.2372068833  0.05332135403  0.2330980025  0.1467742941  0.6574091723  
0.2293655226  0.002845125624  0.2293655226  0.04888232508  0.2228895236  0.1399983993  0.6521947309  
0.221369975  0.002601560064  0.221369975  0.04463280971  0.2126773505  0.1332101379  0.6469733051  
0.2135831117  0.002509132645  0.2135831117  0.04057620575  0.2024644845  0.126476217  0.6417505692  
0.2062600536  0.002473578953  0.2062600536  0.03671371631  0.1922519882  0.1198205499  0.6365285324  
0.1992068794  0.002385195525  0.1992068794  0.03304432489  0.1820389639  0.1132180003  0.6313054972  
0.1925355345  0.002329997388  0.1925355345  0.02956875259  0.1718260484  0.1066819217  0.6260826678  
0.1864059098  0.002303863139  0.1864059098  0.02628769927  0.1616138599  0.1002237594  0.6208612129  
0.1799359251  0.001939089562  0.1799359251  0.02319485307  0.1513968233  0.09369229507  0.6156305919  
0.1739745349  0.001907074131  0.1739745349  0.02029607865  0.1411801187  0.08723389992  0.6104005986  
0.1684868004  0.001855522901  0.1684868004  0.01759115603  0.1309635518  0.08083856089  0.6051708656  
0.1623841971  0.001485326344  0.1623841971  0.01507579569  0.1207433337  0.0743650978  0.5999342296  
0.1568380849  0.001470015153  0.1568380849  0.01275445047  0.1105233976  0.06796862296  0.5946981267  
0.1519281811  0.001458944263  0.1519281811  0.0106272729  0.1003038782  0.06164957067  0.5894628116  
0.1475374488  0.001426954046  0.1475374488  0.008694152858  0.0900846782  0.05539748824  0.5842281004  
0.1435224909  0.001372425381  0.1435224909  0.006954946497  0.0798656706  0.04920138398  0.578993753  
0.1401186182  0.001358571638  0.1401186182  0.005410400609  0.069647515  0.04307791597  0.5737610164  
0.1373788444  0.001346564328  0.1373788444  0.00406103929  0.05943067433  0.03702704177  0.5685307658  
0.1349530971  0.001071266074  0.1349530971  0.002903222388  0.04921193329  0.03093338396  0.5632969223  
0.1326056706  0.0005962707329  0.1326056706  0.001935555286  0.03899006003  0.02470899912  0.5580571569  
0.1307758532  0.0004968725583  0.1307758532  0.001161418971  0.02876804093  0.0185168849  0.5528171158  
0.1295032204  0.0003891101369  0.1295032204  0.0005808554893  0.01854591314  0.0123525387  0.5475768692  
0.1287943457  0.0002155976495  0.1287943457  0.0001936958911  0.008323527417  0.006186591154  0.5423361349  
0.1285881005  0  0.1285881005  0  0  0  0.5406854708  
