5.335838827  4.086588288  5.666828389  -6.580167711  
3.501637971  2.68181877  1.629275435  -2.780004397  
3.496237169  2.677682428  15.63942244  -5.344734788  
3.448977956  2.641487755  9.526699274  -6.813268986  
3.34819822  2.564303022  8.984941898  -1.28741558  
3.245570507  2.48570297  6.910394042  -2.744829269  
3.132881696  2.39939737  3.229075846  -2.50751197  
2.965690369  2.271349626  3.305431929  -4.524575969  
2.950556197  2.259758735  4.011252634  -1.154964477  
2.922749238  2.238462066  9.707797028  -2.608602567  
2.910890821  2.229379995  5.659534243  -1.364014008  
2.873998726  2.201125243  3.119090381  -1.794665834  
2.862218192  2.19210282  2.955719169  -4.011285038  
2.824478025  2.163198551  3.009330306  -2.968207098  
2.796928263  2.142098862  11.83261425  -1.931230497  
2.781529486  2.130305316  3.78450816  -2.111475283  
2.773991279  2.124531988  19.83269452  -8.806093982  
2.751853839  2.107577465  8.0218851  -4.677477615  
2.712840201  2.077697875  24.1057334  -8.102970406  
2.675456062  2.049066278  3.282016417  -1.495407509  
2.655555176  2.033824677  10.14934412  -3.071108844  
2.621750113  2.007934208  4.17538762  -1.647211001  
2.617293732  2.004521174  7.518294839  -4.212067318  
2.539607185  1.94502295  2.898058592  -1.782121776  
2.518407494  1.928786627  3.509176458  -1.612536071  
2.463947344  1.887076931  12.51219473  -9.92610183  
2.440942265  1.869457904  7.551809022  -4.481180045  
2.425955044  1.857979559  2.94849634  -2.016894342  
2.384797516  1.826458016  6.981590015  -3.413210619  
2.381558197  1.823977101  9.912194624  -6.530669086  
2.330276576  1.784701764  4.665488599  -2.401292293  
2.268769399  1.737594923  3.244736413  -2.95494241  
2.052045807  1.571611631  3.481648126  -2.364788355  
2.046766039  1.567567986  1.730081198  -0.710772519  
2.041428198  1.563479864  2.56068784  -4.185453124  
1.898376871  1.453920356  2.35394561  -1.889541277  
