0.0004954573958  0.001111151795  0.008114888984  0.001794740151  0.002149123454  0.003874410056  0.001981213579  0.004190296833  0.0004451528353  0.001204672928  0.01341733533  0.0008247627621  0.001799562645  0.000198897293  0.005317938228  0.001289282164  0.0003026767065  0.0005285460003  0.003863861368  0.001282158876  0.003051682404  0.001132149442  0.0002252244726  0.0004090895969  
0.002168297216  0.005111998825  0.0344744309  0.007901489471  0.009087618405  0.01612815123  0.008078994533  0.01742634014  0.003335990707  0.005440834343  0.05813784114  0.003391957122  0.006990781961  0.000924889278  0.02213068323  0.006120541445  0.001944670114  0.003031909733  0.01689041219  0.005667153741  0.01264399466  0.004918612195  0.002264373268  0.001730104723  
0.005149228145  0.01507914571  0.0872088188  0.0211801546  0.02016628349  0.03663781146  0.01846697928  0.04222398705  0.0133025663  0.01502768377  0.1545421699  0.008523252002  0.01570709442  0.002118200855  0.05300602591  0.01656422904  0.007527473428  0.01096301871  0.04412549453  0.01428557504  0.03112988029  0.01326495598  0.01088128886  0.004829374761  
0.01016043344  0.03724811866  0.1823433069  0.04771325089  0.0363366525  0.06777338904  0.03185673603  0.08369041581  0.04436211291  0.03453472604  0.3516304166  0.01755053731  0.02796742744  0.004328621379  0.1049997278  0.03835298895  0.02329320573  0.03409514927  0.09944114882  0.0306541998  0.06288364721  0.02939268285  0.0366823509  0.01156444038  
0.01712309879  0.08657573287  0.3519195073  0.103371396  0.05994566568  0.1097018382  0.04308568024  0.1545686983  0.130925236  0.07681353242  0.7905415556  0.0346057168  0.04091811602  0.007239740823  0.1971983773  0.08538560691  0.06009700855  0.09418484997  0.2150798157  0.06565048265  0.1198833501  0.06577485494  0.1107407954  0.02874890017  
0.02430554854  0.2042346682  0.6552433845  0.2315674591  0.1040718244  0.1685946475  0.03044319305  0.2851483196  0.3899704799  0.1710668192  1.965031969  0.0765921694  0.049746161  0.01021237107  0.4036789072  0.2071766077  0.147317256  0.2726829867  0.5258752866  0.1563452567  0.2419370924  0.1469849653  0.3136065146  0.08664375417  
0.01837985919  0.5581836818  1.07477706  0.6677851615  0.3803394093  0.2615690443  0.07891905951  0.6129299323  1.518777433  0.4516238032  7.124328809  0.2807366453  0.03560889713  0.02444112343  1.243990929  0.7508091652  0.382321347  1.04565968  1.929921645  0.5574244041  0.6124045766  0.3771871836  1.117122869  0.4443071421  
180.475227  501.7171979  895.7184645  2545.784539  3684.432404  353.7899647  6082.970742  207.8121662  1744.387029  167.3435816  11536.02043  867.1216839  177.2061497  210.962123  2392.088813  2471.782503  438.0517719  1285.752924  3979.95439  990.8791336  331.9632639  197.0839416  1655.296732  2106.075999  
786.1716055  755.7447757  6364.600616  564.5306675  6918.871793  405.2291202  745.6843868  368.2803367  1628.812243  180.6916568  402.6390099  1226.5165  495.8171977  554.1135697  85.96628287  2912.202749  94.60648424  1318.381177  177.1112763  1494.117357  7356.994844  931.9115881  1033.68553  295.1669499  
1200.041792  654.7811482  2263.074527  14741.08416  3470.484067  735.0345181  3218.513273  344.6944373  1995.248106  847.8059436  5140.969301  570.9101143  1777.879207  1936.650801  139.1970332  3316.457567  3107.296068  1689.829124  1804.466616  5.978535789  927.6381382  4397.48369  2377.104478  278.6690982  
2626.495972  1004.228747  7698.006203  6836.715961  1513.041556  3510.944328  2940.698651  2097.874578  1524.85957  2916.230399  3629.564004  4.96825367  5624.445526  2969.536003  1647.543553  2647.953363  3782.694794  3063.688722  5433.219505  809.9757053  5891.79001  3720.288021  2408.708241  1277.280328  
2345.785499  2413.341066  284.4016304  3081.198036  177.1106324  455.2517893  708.3165659  324.4145812  4365.603434  2322.364851  3806.415442  842.4572347  1041.330945  2928.015441  8301.053469  831.2332732  1188.069629  1441.905836  3169.565301  254.3798401  6652.489551  2764.607037  6159.891667  7685.547179  
1227.287006  647.2698297  5966.214976  3497.378611  2055.740788  284.2189675  5096.717859  171.5116921  2079.760097  440.3780704  3050.846045  104.0144001  1911.179149  963.2369932  1321.519108  317.4483642  13325.50679  3342.49404  1148.50932  1196.819569  9.210596604  191.3086216  1602.602354  4147.835809  
4902.843365  3969.020597  2018.593724  2910.388193  286.3747582  56.56694317  642.057208  1166.936113  145.5450312  12354.94987  1779.352626  1525.446418  6456.464351  396.894429  8808.600791  2000.799303  3074.579082  787.3286376  1316.182656  1243.097288  291.0370973  1686.267768  6251.754413  11570.42964  
3908.795509  4019.61893  6980.023088  2652.942901  555.8253581  1029.769572  2073.446668  7763.673996  679.3382397  5125.914493  2814.093162  639.3231543  3118.99522  564.0736646  9646.728019  5665.965963  4574.589492  1690.734087  11856.97327  1726.516844  784.3853573  4183.216809  481.648993  3480.259214  
1858.613541  4387.90248  1009.966015  11351.15348  1190.226645  1515.290707  271.3731128  2643.274798  8662.17518  3464.532958  1654.494409  268.0431416  9311.406615  494.4535118  3317.524496  1306.339998  1937.360234  261.6707782  1325.767637  1855.483214  2995.054806  6270.325814  1649.028266  5622.70343  
1897.13877  1847.008976  859.3827812  4766.878667  5708.317864  319.7172596  515.2173361  1410.93243  1660.584426  436.9986365  1024.720601  880.677164  226.8995767  245.7162615  222.6137611  1986.063346  155.0582544  378.4874906  3361.719944  259.0359057  1714.333545  60.65220467  6953.542704  166.4494012  
563.3444657  39.53920219  2495.069902  297.3136979  273.3804792  139.4422577  1006.491951  2149.000881  4049.89282  693.382893  55.31564807  1722.394316  2220.707074  831.9430474  4389.915089  283.5374789  453.0205465  1126.943918  6789.418751  1106.355228  3264.836994  230.3315738  277.6931373  731.5979543  
32.95934463  99.14786742  943.8394954  513.7867045  30.00446883  116.6473189  3988.451793  1829.88991  5055.951308  1189.445828  207.3543181  2511.8909  40.72048997  756.6100642  2786.798657  1574.33423  3142.741319  2010.758863  4972.426338  225.6739277  680.4976712  79.76610333  26.35139323  522.4609666  
1228.869371  314.7283629  3018.056985  2192.584813  326.1933118  434.558981  894.0200658  86.63279999  2397.617243  828.3579871  638.5989322  58.46019037  1818.474992  20.66679135  109.9633219  1393.13991  4528.632351  404.8717534  2750.154914  278.0751675  1227.095929  774.4960851  779.861731  173.9543374  
389.781184  437.7510182  1499.959996  514.4997732  2202.827947  419.064009  6324.749207  499.124117  2928.03425  106.7065396  522.8218329  38.22099409  4914.969296  2149.734647  1652.301929  325.2069242  638.764589  287.8865184  5294.654639  761.4301873  287.1812846  2165.167527  1553.634706  149.2355937  
62.07203858  257.6713529  1082.637863  754.5887183  1868.662369  619.4288288  4623.811219  2357.517379  4694.22675  47.78803188  2203.815502  263.7951331  2072.985253  3292.491503  823.618066  6631.768427  209.0574702  540.4946901  1023.164501  72.82397134  3722.021368  1904.557427  996.8372389  581.5539287  
224.6442448  1013.03664  2307.170363  1712.552218  2457.431381  229.0086236  3484.104559  63.46623327  3654.656764  1821.349128  819.161881  762.2907404  3262.93184  136.0833874  538.5261263  1425.576925  1633.809232  384.5522276  9.307289519  14.60389093  2541.541874  768.7670966  1949.406255  2588.811532  
182.2751756  889.5635546  989.8139217  77.15852961  370.8875212  730.6274329  809.7088965  1540.688918  17.02055518  1782.551804  949.0992663  678.6444247  356.4319912  1008.493708  2167.273351  2018.107509  2059.920574  583.3504895  313.9058805  607.1157556  479.2783622  591.8808365  2247.532816  3565.204831  
2222.884807  302.4509814  2132.153719  236.3120808  258.895866  878.9285336  3363.476618  2682.232409  1670.33501  1832.796965  621.5128077  344.0626662  2340.3967  2746.668236  607.9284008  2210.59238  231.3806048  1696.943122  5999.899979  682.9715337  1668.560209  3013.17137  1930.719138  648.562326  
612.964765  229.9793091  2011.091133  285.2417844  468.7613799  1908.39258  640.1065084  4131.02262  4198.510959  2093.540831  73.84868741  1131.231226  1182.074583  5368.472484  1137.721717  357.9557275  3193.056776  665.493035  1116.928633  3150.566706  5.619909309  1501.4826  2602.552824  3116.88362  
409.4639647  1088.772718  1332.070751  1135.269807  22.62737011  206.3701312  2363.551215  26.36415568  2086.518305  198.7343367  79.4135617  1037.172289  186.7383579  399.1689714  2832.572722  2353.295879  1218.313116  437.2699252  4564.727426  276.9953247  2601.353085  91.84358294  1116.811052  2612.955063  
248.133662  359.6086411  261.0819398  1842.106195  1318.054247  831.7962426  673.9547574  772.2431807  59.39794093  1288.784443  259.4915064  124.5288255  7.519111874  4345.393532  4267.335147  1841.451946  1713.578993  546.1008418  2189.371469  2804.21346  541.9854157  262.5168002  116.8010095  2071.396748  
483.335622  179.3329642  4217.644303  900.7918534  3435.502212  1725.296995  3409.396536  2483.028662  2020.030384  2215.397446  842.6533401  2066.994066  1663.086936  212.5966346  1839.253969  864.1879875  1727.789103  342.6287592  452.8328112  553.3377753  5095.827499  1798.572478  4647.794025  1243.700329  
3831.315607  1055.500731  1776.833334  761.9362665  6861.683734  16.00679657  551.9285476  1050.877232  853.5047834  517.6646469  1532.38271  1303.597381  75.84929292  1366.860349  675.1300708  2393.914323  1491.4356  3532.278232  885.6066126  3119.044954  465.0411773  3556.300979  894.620909  346.63983  
958.9766026  1565.995516  3286.366557  2401.317384  5941.091433  2354.791984  2640.650389  583.2069904  2690.331417  1029.404751  1438.772655  5467.778361  371.5331755  3416.887302  2862.320319  4740.481169  1008.751365  2237.63513  574.290245  782.2599894  969.2799485  4695.481942  1077.454236  1428.85505  
256.8164346  243.8217463  228.451007  1.530816665  778.7082189  57.07221754  45.63202245  1244.664861  347.4482008  770.2476165  173.8555218  516.2047274  792.4295048  448.5967794  2179.646834  618.1002057  150.3139749  241.7350027  708.514416  235.0126967  168.8480822  396.7788129  474.4427499  1478.728282  
670.8481748  1418.609187  1291.790321  1181.645865  533.8670739  749.412985  1046.952425  371.8043111  333.1688738  1156.63206  242.3060313  1941.247763  3418.909213  1275.493373  681.9669697  1294.117044  465.4030409  10.95620701  3211.327614  2060.262089  1548.57074  2827.622356  1938.046607  1591.720592  
1064.759984  66.38730003  1490.221643  200.3218812  5446.133117  1076.056736  26.56634754  3351.24185  582.8726168  1669.110611  437.8070855  266.5933888  3158.057739  132.3157346  831.0753676  429.7169266  870.9668961  104.3329508  197.4384181  3315.565213  375.07084  4213.753326  1570.471805  1084.881732  
301.684493  2220.452406  1917.935136  1684.462792  882.8394253  2085.930108  786.9929124  402.9392526  197.622093  1117.363578  861.9438053  2388.277106  342.1116517  1082.243518  423.5466667  916.0872087  847.466813  1617.548789  179.1675289  46.74262212  46.4132271  71.9342188  181.1444419  794.6183074  
484.6742577  314.490092  57.36876723  947.8581475  716.1474636  967.8728071  1313.767644  614.5998277  952.8824134  327.9257208  41.00772809  113.2061146  839.0323085  1050.166836  856.4815936  1010.892046  1757.21297  1346.429521  625.2343228  206.3361176  3577.485023  596.6362618  1540.44369  190.5061208  
632.186571  270.5536168  116.8090299  483.5344536  234.5165958  281.1676264  1106.264972  16.60433412  799.7735103  47.1081727  1241.389082  1426.835786  2190.115526  377.8017326  155.5833811  543.0524912  669.8902905  140.8887331  260.2360254  800.6211487  621.6132866  639.2025495  537.0945605  260.2460244  
1419.159724  263.5653772  260.7200671  818.0183528  1326.661606  1071.133408  1394.292189  63.53617952  1513.60333  185.9745166  816.0018717  643.6155227  2981.121565  268.5290301  170.2068732  1447.841299  1101.399646  1654.075504  369.3475584  2062.643902  792.2311044  948.6043514  1317.749581  386.3373305  
843.0338448  5841.140227  939.8420968  187.7824715  981.8856664  1908.858326  282.707941  963.4864787  1498.425749  285.8103001  3178.503416  1445.599207  513.0507865  1151.383474  3076.244213  566.4801272  5880.619766  274.2902369  219.7316125  386.2317139  792.8939159  1389.441744  1629.340843  655.4776883  
1312.291459  797.3686984  234.5489138  269.4254289  2271.601066  2657.964568  1294.436302  1996.822691  846.7433943  229.4222018  2443.765996  7223.55455  2025.218836  48.90411033  1116.74863  669.5530227  148.6405946  1434.454186  191.0798837  169.9097302  478.2514064  1233.54324  1848.1908  2031.173  
1741.252084  644.3209289  743.399693  22.97751936  418.809704  1930.000377  380.0356916  1678.494028  640.9162453  2412.569798  2178.78781  1547.680906  42.70606816  992.6429581  128.5693989  771.7411031  456.3946602  6247.005606  426.7000657  638.7908796  5032.272776  873.6868368  4752.067983  1204.857492  
1743.231238  554.8145037  990.0018172  351.8313026  1365.160242  873.0117239  1387.127467  1993.774998  1393.921042  2194.595178  2379.472748  2234.824799  1509.992737  4055.287514  579.1074548  384.2246095  71.3333177  1208.071137  303.6343503  3925.8735  213.2389785  1303.025332  780.0674097  1445.739998  
791.5926862  728.9980863  229.1595706  680.5456251  3577.829453  522.6429816  940.1497403  273.9582777  227.3053229  254.9019427  1335.025235  537.5517762  228.97457  1301.478044  25.26740353  839.5715706  927.4495188  1180.546282  489.3591137  37.89207378  2749.287907  231.5036764  96.5613553  327.825085  
301.4364448  1249.764998  14.30857516  258.617161  750.8861409  1640.827207  3285.612708  1303.095389  1580.586617  266.7704496  134.6680649  246.4041112  325.2481929  453.303186  1444.977646  2382.669364  1274.355724  6398.67327  886.4128268  7369.802072  3848.164712  257.811882  1362.9012  3031.861201  
5568.466252  5325.419833  1244.478507  1553.555466  1510.169491  2031.648368  320.3654509  1672.916524  696.6725299  1669.335772  5126.245334  726.6815912  1291.796691  1106.591427  1034.490635  2462.701875  2052.089922  3319.129089  258.0673478  463.4714192  4900.688553  2453.655761  364.4249074  120.7388205  
2716.513045  68.60959089  398.5839686  934.7438708  457.5651738  2402.636744  521.8983151  733.4243984  277.4243324  1307.384311  1049.39649  3126.679261  1639.050935  541.8894887  767.7769174  1165.102826  564.4996035  7184.116413  393.7335841  9157.090228  691.3097672  651.682458  1577.413389  1348.524827  
1668.97738  1455.450662  1084.669337  646.8332466  1028.373048  354.7055167  1390.515248  188.5201885  884.0388001  566.3191692  321.8838804  961.325856  246.807463  29.57586586  1009.003347  307.2596547  554.2799164  1044.664905  298.3411191  1139.554203  501.6583809  552.1924767  381.8817069  365.5915145  
1503.411553  137.103705  306.053139  628.3480806  622.2036308  8331.291759  702.8014828  7177.806999  1289.364686  818.36487  241.3434398  1923.424422  192.0235416  295.0088285  50.58792125  83.74830989  1556.908822  1752.336701  415.9025932  1713.013229  611.6890966  1341.524943  362.5551696  24.45148474  
2886.684741  2590.883048  2526.919559  790.0124699  1066.787176  8256.916536  947.484695  4434.120028  52.54137793  949.7940276  1141.257056  3088.30842  271.3331165  268.5196976  32.07110281  738.8799988  3366.678641  2332.720152  353.7202655  4472.646842  3412.417072  813.269865  100.6159002  2415.1105  
170.9716103  106.9877427  164.7320236  370.5964898  455.6506588  708.1591683  957.2380576  1689.749052  923.0344381  160.9006841  508.3867107  476.9730518  269.3772953  2701.875011  686.5834784  286.1569999  30.76110356  21.84682037  998.0763671  884.3972779  381.0231946  74.25258322  49.31566686  379.6217685  
1517.135788  3290.731855  1068.217081  2747.678995  288.629894  1262.649563  1306.907501  2086.348943  1317.510842  4328.051672  2294.048941  5168.986693  1586.454102  3373.487647  1578.177611  1171.771493  2765.387544  1538.818916  1236.978635  972.5393541  779.9353047  7191.73826  1376.613441  1912.982126  
5583.420495  7073.405605  2152.953961  285.7397224  499.5468362  323.6286408  1478.049759  1567.341179  1553.310195  2353.239741  1743.423952  652.8404254  2427.987964  43.64693078  58.90786833  5701.247081  581.7065693  2618.162068  347.0510083  2460.734869  260.4836671  648.2127588  781.2534062  2856.450419  
386.3428235  801.2483875  51.06586202  284.2466082  863.1715731  1803.136728  992.1540747  2649.977058  1238.690809  145.5650648  443.721068  28.99351749  185.4022579  528.9368655  47.40678029  1689.304041  133.2520333  602.0662886  117.7868513  705.6361466  793.599875  1606.090611  2039.80989  1113.44888  
1457.63817  3950.892622  1321.63015  72.25430309  2120.940873  151.8524034  2215.088637  1316.756883  2092.511213  433.5608494  3412.772242  1718.532341  259.2785037  1738.359304  30.77020624  3588.737861  794.5349785  2338.54727  1710.000644  583.2295256  534.3820263  233.339785  95.78450386  327.4772898  
2259.162218  6.740787724  436.2220576  2284.971006  1917.991932  935.352567  512.927874  2043.608599  193.8616471  1243.501126  1034.14509  1115.619179  1167.772787  2238.150011  1658.402577  920.633337  198.1617896  1837.333752  141.0734714  722.6338317  1037.850869  1334.812606  1038.316443  99.94173692  
2023.526755  2006.16938  683.2661136  168.4729766  547.5595547  1014.601524  1491.366863  95.2654772  286.3502926  695.6671201  1527.728994  7378.897041  414.0588323  807.5847043  623.8381096  928.2105829  380.1032433  693.5519347  515.5170634  380.8761253  548.9815898  754.0687013  43.92360307  343.0524432  
2222.12361  1921.568886  1444.332991  189.0447541  1371.959117  709.7931937  418.2696054  372.7575865  656.483236  1491.76788  2425.433335  2160.935384  934.467592  688.2569757  663.8327096  1058.29927  15.5527648  1491.982671  860.9173438  3317.977539  938.7249159  116.3077279  652.4296986  51.11143578  
707.520508  1270.483716  74.71174672  1144.751293  715.078698  1663.63717  792.7045633  440.8056911  463.5430327  2911.066361  307.6268458  670.6432814  1185.09259  3802.627873  271.0363791  524.2394842  166.4160071  4654.383036  292.0369194  6938.012431  90.76883754  2058.489102  159.4310015  639.8478894  
883.3702747  4057.697457  1692.820128  608.3104111  206.3407593  8848.894802  297.902158  3115.448646  297.8416921  1860.931796  994.3782697  3163.56335  778.9316828  1440.112908  29.58582457  878.7358495  2562.341446  1355.34686  335.2004699  2103.636667  147.2010275  3157.324632  409.4201215  464.7037704  
4.579242085  1117.50899  210.1285325  314.1890943  664.1584718  66.8780327  100.7846461  161.4929055  46.10932613  692.4773517  354.7588305  213.3607876  89.68520087  590.155545  202.8175373  414.7626415  895.2482008  349.1545614  33.34861031  66.48819737  194.0276282  19.24351784  1180.077409  713.8447536  
5050.472152  1660.613933  206.0008369  879.7930071  2618.816471  4552.560783  91.488008  2638.324904  472.5280437  2321.63915  926.0343706  404.2603915  866.7122805  4751.592389  2191.164582  849.3844508  133.3868255  772.5231848  257.8543646  2176.301918  355.7078829  156.457343  4309.911706  301.9068756  
71.54912339  394.6606968  311.7393125  209.9848034  395.8125412  629.3261884  112.3814416  1722.917042  16.52546546  121.6107155  14.684661  1899.866464  16.50161927  2585.468307  8.191554815  474.1778859  436.565474  668.7230947  520.7372004  600.7471165  3.830059989  661.848024  68.93305203  227.5390586  
3026.931904  2669.610002  922.3244742  906.2755356  926.6324462  947.0879842  1316.566564  633.7904554  1767.511461  3703.889828  361.7059712  858.0192114  950.2723516  66.22841458  410.7656814  932.9975822  157.2442704  396.2295677  17.62222618  1870.947031  1870.509976  62.81180297  44.59474337  997.0426432  
386.0643652  370.3109937  255.6822322  36.45119272  65.35861306  717.2249766  29.92774004  416.4082264  66.27210253  421.559323  54.48594725  1724.451978  251.9304394  951.920177  100.4352217  265.6222152  189.6435964  74.52827679  532.5750002  47.06751052  244.4755996  591.7907846  358.9594599  1277.874733  
2201.596484  339.5385909  789.598503  132.7254182  950.032854  1557.933639  1138.696796  1164.220925  848.089498  446.4932474  320.2005764  2887.611603  1249.027295  6515.605637  1103.108181  755.5445728  694.665552  36.35843259  1223.768659  836.0842355  409.2147477  695.6681549  481.8823475  517.058844  
2027.309821  1431.160544  976.6303965  36.4603758  86.0895256  3134.32914  81.55857341  1800.561243  93.03668216  2474.934174  1579.464811  52.88217241  805.3943251  1233.870737  1257.173744  256.4365543  583.4842548  985.911981  537.3340783  153.2216614  519.0291778  1464.246767  607.4722612  211.1471185  
32.53546245  969.0362843  92.58414568  6.898764196  90.97918838  366.7987037  116.8289498  141.4716849  879.5617009  560.8543956  137.728757  1038.46465  259.2318032  3127.925103  781.5363149  9.885716621  1177.090801  90.45755598  377.8966709  251.041513  82.75540995  195.7377167  252.7637182  1376.510337  
1060.16902  305.7668339  194.7941411  607.0382214  47.17425162  55.10500909  776.2983687  377.4736152  249.7378766  167.213192  438.2561856  777.5347838  1578.930083  415.0862973  375.641257  14.8914498  609.0535889  949.4510905  16.1638374  1407.655316  86.40944439  466.1910561  2912.392043  1362.385623  
105.362199  150.936486  292.7210078  124.658913  234.1865693  674.5464991  303.7978554  578.6496964  976.4310217  597.5722088  1339.117677  551.3900232  114.5309832  971.4175735  187.9422147  220.9360259  119.6269975  579.2988065  119.1219688  1979.172976  923.0453956  259.0873911  581.3468365  511.8622294  
1624.642493  4795.806866  1729.626417  1237.866755  653.1895706  4305.82864  1864.245636  182.6344078  740.4066388  3564.357534  1536.857805  2823.761884  773.517996  217.6589305  1006.674677  879.7643546  555.600616  1385.465252  575.9438265  162.3823032  12.06889345  2409.852676  578.8091154  271.0735336  
27.01497069  160.9933279  67.26279552  32.390579  35.5549454  69.55323596  81.17528222  9.201921294  138.1123204  93.38427741  176.5698897  151.5624499  191.0690252  4.157072628  119.4052992  22.88419357  24.72255809  6.611131693  31.9881449  7.777456823  10.29858164  115.205229  5.253716179  8.421035464  
5.196809822  27.58656367  15.71499413  9.483944792  8.540508823  12.72211458  16.38853815  8.918030571  50.10105036  12.16680642  56.02101494  40.5101363  83.96319916  0.8533360769  47.74636407  8.481841638  10.02015869  0.3359694161  9.277239142  3.921662652  5.089868787  34.02376172  0.6264229627  1.995704458  
2.73587344  9.275032469  7.786890117  6.530519219  4.062547292  7.27802585  7.050624514  8.629967712  30.47124789  3.364249017  31.63002884  20.87980519  57.44106992  0.5927696182  30.50788692  7.354673709  7.314854985  0.4252240775  4.85259848  2.553174891  3.563411803  18.71799336  3.266987324  1.114416498  
1.965371246  3.965185917  5.189438076  5.500199595  2.505580598  5.877136776  4.342314957  8.30751259  22.26621317  1.510396101  22.08040737  13.66275415  45.42226058  0.6354158052  22.74633122  7.194927468  6.128901635  0.6078376923  3.12190022  1.919407224  2.772559533  12.7026306  5.523856146  0.8066133968  
1.584336846  1.903389176  4.032303927  4.933599463  1.769191874  5.236570905  3.324310117  8.015123439  17.86821849  1.077597415  17.203489  10.11076349  38.54870018  0.7249592192  18.34872791  7.166806039  5.404508103  0.7296454719  2.239343509  1.570091342  2.281223306  9.584932615  7.197038446  0.6533286141  
1.338874056  0.9640125143  3.414028502  4.53955017  1.354098254  4.828350074  2.899565255  7.751405702  15.15287485  1.016633995  14.29776462  8.083433491  34.06750474  0.8140328502  15.47750032  7.147509873  4.904885699  0.8146954409  1.720899865  1.351159412  1.934405872  7.705547919  8.400136894  0.560101385  
1.168327028  0.4972091953  3.036738453  4.235220958  1.095351478  4.508832792  2.71902049  7.514454353  13.32027782  1.06612622  12.40320465  6.790375927  30.89875748  0.8913791384  13.47792278  7.119246646  4.527640703  0.8726198504  1.387138136  1.208128737  1.677852228  6.447540985  9.287485877  0.4936644814  
1.033862601  0.251781446  2.786737985  3.98822349  0.9180968287  4.235469616  2.647419354  7.312977344  11.99306004  1.143664183  11.06289485  5.918633273  28.51577947  0.9559600903  11.99353007  7.088200596  4.219154971  0.9155342858  1.160865045  1.103405343  1.480744119  5.558867917  9.948566081  0.4490971422  
0.9275217781  0.1213090467  2.614649222  3.780991375  0.7904536509  3.994551292  2.629005274  7.127753236  11.006342  1.221018617  10.08303659  5.296876112  26.66647688  1.004908446  10.84163409  7.047473706  3.980207191  0.9491906483  1.002714756  1.028366694  1.327338666  4.895453668  10.44562382  0.414949805  
0.8386961196  0.05179456142  2.481745194  3.599990057  0.6961184136  3.778307949  2.636484185  6.968932903  10.23515113  1.288704955  9.323735381  4.8360348  25.16798024  1.045995228  9.932352094  7.00660591  3.775403589  0.9786049393  0.8775400994  0.9637018637  1.203456968  4.389782191  10.80759598  0.3837807617  
0.7645183381  0.01763448698  2.3771781  3.437273717  0.6219632119  3.585042547  2.660792593  6.818549542  9.61498495  1.346982216  8.72860888  4.486289552  23.93449954  1.083311458  9.190987967  6.953288281  3.604261529  0.9994528819  0.7832961583  0.9142146235  1.099225492  3.982713145  11.10472741  0.3601436017  
0.702537086  0.003617466745  2.291867563  3.300300433  0.5631255678  3.407191702  2.685797988  6.681667118  9.1015088  1.400030356  8.247036702  4.207311418  22.89399505  1.108955868  8.570900074  6.903376853  3.450179425  1.017001772  0.7100157687  0.867424445  1.011878093  3.654584503  11.32040773  0.3413966204  
0.6484468683  0.00171826852  2.222754649  3.169822789  0.5157066958  3.241424846  2.714371374  6.563506058  8.675347237  1.442200662  7.842805917  3.98745274  22.00955327  1.133452706  8.045301682  6.852798931  3.317153132  1.03350107  0.6502176386  0.8327817797  0.93881538  3.378812605  11.48478466  0.3253670169  
0.6017418774  0.006778588449  2.165827359  3.056158448  0.4766375048  3.093401101  2.742248296  6.451904602  8.323936006  1.475708319  7.51568558  3.806735544  21.24261555  1.150898436  7.60002395  6.806056208  3.199485745  1.045122518  0.6050834743  0.7968676301  0.8771189259  3.143438994  11.61141066  0.3093724986  
0.560288178  0.01635521663  2.116689161  2.952998125  0.4440029148  2.956067393  2.769125107  6.351076744  8.014387774  1.506506572  7.230480156  3.650807024  20.5707451  1.166999789  7.20652298  6.753906182  3.094229496  1.058223677  0.563274544  0.7683094964  0.8229879949  2.948455586  11.70467247  0.2968371261  
0.5241021864  0.02778416605  2.071138217  2.860089641  0.414634078  2.825256982  2.792278399  6.261355574  7.744372344  1.529252288  6.985660808  3.522736063  19.97929669  1.183542521  6.870870179  6.702778444  3.005752638  1.069015458  0.531983562  0.7429725609  0.778884462  2.778722921  11.77297387  0.2851302425  
0.4917210921  0.04118592392  2.030789389  2.76788113  0.3907960499  2.710060634  2.816611294  6.174647803  7.512519893  1.546547128  6.765945115  3.417238933  19.44801544  1.192516904  6.567139557  6.661416811  2.922434084  1.080632212  0.5030137679  0.7180519849  0.7368850189  2.622285659  11.82091797  0.2751195023  
0.4636150674  0.05492859051  1.994903559  2.695408179  0.3686071829  2.599182442  2.83708099  6.094654494  7.304640164  1.562151917  6.574603094  3.324315794  18.97439456  1.205363335  6.293004152  6.609567155  2.847727777  1.087263957  0.4778705058  0.6949346757  0.7032185902  2.49869886  11.85199389  0.2667989492  
0.4381969307  0.06842244053  1.963374236  2.620902445  0.3492596246  2.496155305  2.85447415  6.01336274  7.118377046  1.57939478  6.407717894  3.242947277  18.53685906  1.212442392  6.057221083  6.562301731  2.780642216  1.095596128  0.4555380806  0.6741616369  0.6676405361  2.379549991  11.8602091  0.2574044347  
0.4154643148  0.08195255152  1.932450608  2.556191708  0.3329697318  2.402104365  2.875161665  5.94837212  6.951649259  1.590721101  6.255290378  3.172719504  18.14238709  1.219850878  5.843607742  6.522999533  2.71877332  1.104305215  0.4373661754  0.6543655367  0.6393748738  2.268766911  11.87836372  0.2507466624  
0.3950059033  0.09483438098  1.907701083  2.490869817  0.317408487  2.314595935  2.892957623  5.880490085  6.804305292  1.60205362  6.114133115  3.108380588  17.79498959  1.223647178  5.643039228  6.48093203  2.660884032  1.10746985  0.4221530127  0.6368408318  0.6160325104  2.175822628  11.8805551  0.2432480098  
0.3765243598  0.106854219  1.881698091  2.436461443  0.304665542  2.22987766  2.905893593  5.819739993  6.666227017  1.609307923  5.992068528  3.057980828  17.46413442  1.229625106  5.461117099  6.438189694  2.606952425  1.117165819  0.407634182  0.6183171265  0.5943626269  2.09302934  11.88075537  0.2374961315  
0.3583848159  0.1195315977  1.857863004  2.383862364  0.2924285165  2.14923386  2.918476728  5.761612926  6.542253759  1.619221996  5.875948709  3.00139558  17.16700811  1.233555451  5.305048708  6.396017091  2.562229689  1.120153967  0.3945337639  0.600948314  0.5737502738  2.016346634  11.86365633  0.2313877229  
0.3445386285  0.1310727118  1.836281032  2.329362153  0.2795337785  2.078559536  2.93250956  5.709554485  6.431793935  1.618595449  5.780299045  2.957430717  16.88883065  1.238116287  5.150241503  6.362917696  2.521911346  1.129177131  0.3832750515  0.5872930061  0.5569767834  1.94256344  11.85410228  0.2261620795  
0.3303030256  0.1416809511  1.817581142  2.280681356  0.270821038  2.011858652  2.944134544  5.653784921  6.330377757  1.627749217  5.684964168  2.91952054  16.63069476  1.241656673  5.011868625  6.319824386  2.479211388  1.130620264  0.372990342  0.5718519003  0.5368238004  1.880192467  11.83215152  0.2209807022  
0.3177198019  0.1524012336  1.798434526  2.241221339  0.261790188  1.944651623  2.95088964  5.610095973  6.229165776  1.632924857  5.599693596  2.877704178  16.38680985  1.244253299  4.885283484  6.288451044  2.441098945  1.136742149  0.3664904596  0.5592550787  0.5223897034  1.820999692  11.81475714  0.2167768028  
0.3059887546  0.1624109409  1.78006119  2.200904265  0.2529492192  1.883492875  2.961560357  5.562831811  6.140708416  1.633846965  5.515881614  2.842170576  16.16281716  1.247391429  4.765096196  6.254360755  2.407506395  1.140519943  0.3554771251  0.5448495416  0.5091141867  1.766022196  11.79416344  0.2114345504  
0.2952101844  0.1723605917  1.764612724  2.159448909  0.243895994  1.825348609  2.968695476  5.521557969  6.058655967  1.635715322  5.442117145  2.813434928  15.95545461  1.250625912  4.657232506  6.228117645  2.37076276  1.14267503  0.3473619507  0.5331405985  0.4946949972  1.711451549  11.76211855  0.2070205941  
0.2845345484  0.1812950605  1.747157207  2.121113586  0.2368387947  1.768602641  2.977250029  5.484323843  5.982081977  1.639905226  5.374327188  2.784657668  15.75136737  1.253612143  4.551359452  6.19097346  2.345598922  1.146916764  0.3420086287  0.5214768808  0.4835820179  1.664527149  11.73754944  0.2029758946  
0.2763971953  0.1900651127  1.732874857  2.08847097  0.2305126274  1.717759929  2.983224626  5.446460525  5.915819935  1.642970064  5.304291938  2.759431589  15.56665666  1.253545145  4.456273393  6.160804763  2.311554394  1.148753287  0.3354182236  0.5095174233  0.4716870712  1.624932128  11.71439698  0.199919076  
0.2681127942  0.1977227551  1.719565896  2.053248484  0.2238673957  1.672838893  2.987264954  5.406874511  5.850571396  1.644990389  5.246533294  2.734189197  15.39766677  1.255020913  4.373261076  6.130894456  2.284932878  1.155117852  0.3311425527  0.4992134264  0.4618961207  1.580303254  11.6984776  0.1962726171  
0.2596417111  0.2054614028  1.708409945  2.027448936  0.2180903783  1.623605235  2.991685755  5.368937546  5.78527893  1.645761863  5.185575295  2.709970909  15.2437213  1.257842581  4.286690184  6.101044405  2.263102583  1.156539239  0.3243903967  0.4883156386  0.45372773  1.540013011  11.65887603  0.1925376236  
0.2524600426  0.2127280587  1.695102805  1.996490147  0.2132443248  1.579641644  2.997636434  5.337287007  5.724697252  1.646436084  5.1365519  2.684929188  15.08265016  1.256897363  4.210247185  6.073033843  2.236810979  1.160261242  0.3209324884  0.4807760132  0.4444872129  1.507774521  11.63311546  0.1890676894  
0.2458497856  0.2200646509  1.684429865  1.964863334  0.2076587836  1.538222973  2.996049049  5.305152372  5.672322712  1.648847736  5.085764429  2.667010582  14.94137329  1.257514049  4.134594582  6.041957086  2.212112585  1.162243129  0.3153526001  0.471673124  0.4358610307  1.470365294  11.61028105  0.1867749012  
0.2391277417  0.2265603593  1.671931731  1.944705022  0.2015884759  1.501174711  3.001493686  5.273890625  5.620769071  1.650917722  5.037761613  2.646938598  14.79157799  1.259790004  4.065250008  6.021169729  2.191633787  1.165169741  0.3103615803  0.4613434578  0.4286959431  1.438586736  11.59066851  0.1841630789  
0.2326526034  0.2327081115  1.660618708  1.917458654  0.1969871455  1.460889658  3.008299608  5.244515801  5.575349312  1.6491562  4.994288121  2.630828177  14.66654499  1.260697807  3.999166615  5.99674424  2.176906536  1.167215087  0.3073149856  0.4515183943  0.4234433102  1.411396139  11.55595796  0.1818474368  
0.2281685383  0.2386401234  1.651820304  1.890415654  0.192930203  1.427010848  3.011087195  5.219125833  5.528869093  1.648008364  4.953567046  2.612086629  14.54891925  1.258737344  3.937237078  5.96899009  2.153911112  1.169560691  0.3043454983  0.4446297725  0.4141699272  1.381655709  11.52095549  0.1787995996  
0.2229164814  0.2438036678  1.642208712  1.870453001  0.1885576036  1.388736717  3.011481316  5.18656748  5.481799259  1.647073864  4.908162641  2.594672575  14.42058586  1.260746977  3.877022186  5.949241951  2.140691321  1.173143128  0.3008835543  0.4364152681  0.4077905551  1.35391798  11.49251115  0.1779496364  
0.2178842661  0.2507358978  1.63464763  1.848666993  0.1842188499  1.356401232  3.016930792  5.158874173  5.442065582  1.648687702  4.872381101  2.579949022  14.31528358  1.261919335  3.822900431  5.925056816  2.117229001  1.176448796  0.2984118425  0.4298048767  0.403525053  1.331793612  11.46918874  0.1757532831  
0.2135970267  0.2556932087  1.625262007  1.828951215  0.1812094505  1.321919293  3.014904907  5.139349428  5.403915939  1.651334676  4.843107535  2.569812056  14.20631007  1.261263256  3.765402178  5.905424969  2.104340837  1.177413924  0.2946030163  0.423807346  0.3974839299  1.30707966  11.44820217  0.1736194386  
0.2085706634  0.2607036566  1.616220885  1.810132271  0.1777742031  1.295138846  3.019721461  5.113484422  5.368236658  1.650334386  4.800289274  2.554612975  14.10392275  1.262447658  3.715179241  5.882243633  2.089773121  1.179853751  0.2925467404  0.4153016605  0.3927329717  1.282422333  11.4187098  0.1706746896  
0.2050106547  0.2654668261  1.610687239  1.792615448  0.1735755568  1.263968044  3.020270797  5.094391089  5.328292955  1.648976033  4.770021927  2.540360502  13.99706165  1.259909512  3.666332885  5.862508568  2.072328458  1.183751264  0.2892411889  0.4079883274  0.387828689  1.262452195  11.3917624  0.1690765562  
0.2014646417  0.2698957901  1.599453418  1.773600895  0.1712357219  1.238356574  3.023054247  5.069865193  5.294238277  1.648544972  4.73143038  2.528168386  13.90284759  1.265077839  3.624800232  5.85156089  2.062727388  1.183083374  0.288527552  0.4021852254  0.3831250572  1.242258769  11.37256348  0.1671986426  
0.1981069994  0.2740077113  1.594628686  1.753584226  0.167789215  1.212936361  3.024056447  5.04839352  5.266567547  1.65020987  4.709340525  2.514877716  13.82466108  1.262574566  3.578873079  5.826308714  2.049461493  1.18349469  0.2838280077  0.3946420192  0.380045443  1.223100699  11.34443262  0.1651687493  
0.1948419675  0.2784473614  1.583217998  1.740292172  0.1643574721  1.183367005  3.029123523  5.02671324  5.237319565  1.647065492  4.682843084  2.503930477  13.72968175  1.263930656  3.537207422  5.805512887  2.033531148  1.185761901  0.2831824662  0.3891948904  0.3755779706  1.201297549  11.31679277  0.1630008658  
0.1908816074  0.2834626415  1.581188462  1.723416675  0.1608855803  1.160150424  3.026043303  5.005819752  5.208733338  1.648809687  4.657759495  2.491367419  13.65122414  1.264995792  3.497112799  5.783324974  2.022037262  1.187028212  0.2802937324  0.3833521518  0.3704073025  1.188187025  11.29140986  0.1612622773  
0.1882748303  0.286455288  1.574285982  1.711088869  0.1581259808  1.136247606  3.028962497  4.989121906  5.177758664  1.645596905  4.629899571  2.484617839  13.57735677  1.2641332  3.458922601  5.769609727  2.010061524  1.190485474  0.279849791  0.3782213634  0.3694242546  1.170054417  11.26957915  0.1598277953  
0.1854005745  0.2901052136  1.569630056  1.695191398  0.1553201073  1.114626235  3.027882417  4.969424687  5.150008437  1.646691105  4.602173208  2.472785065  13.49078034  1.261974017  3.427323348  5.754635011  2.001364171  1.190764196  0.277712629  0.3745572589  0.3636547411  1.150863184  11.25023089  0.1591122275  
0.1825939863  0.2935204788  1.562527512  1.683372067  0.1529685766  1.094003209  3.030042317  4.954308129  5.129847516  1.647492754  4.574763184  2.463773771  13.42417272  1.26346517  3.387856628  5.742418165  1.990568018  1.1929896  0.2761174107  0.367274796  0.3609481686  1.139178807  11.2253072  0.15656625  
0.1801721855  0.2972755434  1.556773164  1.666048663  0.1508189205  1.073046719  3.02732186  4.937098257  5.098530139  1.649475406  4.559590966  2.454231735  13.35026968  1.262996073  3.351664346  5.722293214  1.982700594  1.19463271  0.2725411232  0.3625306811  0.3579757161  1.121002908  11.21237111  0.1562845251  
0.1777875978  0.3004530557  1.550173254  1.652627971  0.1486636929  1.05388784  3.025263346  4.920186078  5.07582919  1.64653529  4.530591434  2.444979722  13.29560884  1.263261837  3.319701708  5.708377713  1.968396259  1.194700161  0.2725739814  0.3567915194  0.3543276438  1.10704457  11.18968418  0.154886197  
0.1757431331  0.3033227026  1.544679859  1.643260526  0.1461538799  1.032216317  3.031579645  4.904248839  5.052332682  1.646500667  4.509056567  2.437530699  13.21842246  1.264250289  3.289966897  5.692293368  1.96078783  1.196759554  0.2712405941  0.3533137672  0.3528688876  1.095738253  11.16691925  0.1528722136  
0.1731490908  0.3070634572  1.541413076  1.630933211  0.1439305275  1.014520921  3.027277711  4.88963753  5.033923478  1.646854126  4.487127232  2.429278894  13.1557513  1.261900017  3.261552565  5.673701688  1.951406472  1.195553843  0.2704436679  0.3485893449  0.3494410846  1.080615708  11.15070495  0.15220476  
0.1708871143  0.3091372484  1.534541487  1.618302139  0.1415531462  0.9954914331  3.028822981  4.873841596  5.011789584  1.642864864  4.468529727  2.421152475  13.10100486  1.264441372  3.229792713  5.667158366  1.940908146  1.199477783  0.2678887773  0.3441055776  0.3467546302  1.070720351  11.13097427  0.1513296025  
0.1690193629  0.3128657119  1.531795432  1.609239492  0.1392574827  0.9791573674  3.026627584  4.858027714  4.992093434  1.646191363  4.456644949  2.415683296  13.03896655  1.264088264  3.208803711  5.654991737  1.935630307  1.19864269  0.2665472408  0.3401939925  0.3446719776  1.055845109  11.10489269  0.1499195175  
0.1673891283  0.3159012372  1.525901595  1.600346459  0.1379245662  0.9615445954  3.02891402  4.846037914  4.972590568  1.645960832  4.441070599  2.407759072  12.99394707  1.263178526  3.175029745  5.637640486  1.929391202  1.202388724  0.2662563662  0.3356509603  0.342411331  1.044326258  11.09142051  0.1482920695  
0.1650519206  0.3182665475  1.521074765  1.586087997  0.1360177179  0.9460653429  3.033652841  4.83255747  4.956270174  1.645660708  4.421933137  2.401632122  12.92654194  1.260254312  3.154403178  5.625365025  1.917861227  1.200775963  0.2642214495  0.3317657587  0.3409842029  1.035072289  11.0554292  0.147054444  
0.1635153036  0.3204454494  1.516635509  1.576866894  0.1341374347  0.9297833741  3.031692482  4.821230909  4.936279477  1.642453728  4.405268005  2.389781654  12.88756828  1.262212559  3.129278243  5.616533185  1.912146956  1.202233218  0.2637611319  0.3283054109  0.3376517623  1.027076035  11.04729813  0.1466059278  
0.1616600615  0.3234720033  1.512925302  1.566581502  0.1326363831  0.9161906231  3.034095347  4.806728153  4.919873749  1.642026001  4.383707362  2.387116462  12.83985167  1.264601691  3.106479196  5.600279325  1.904608071  1.202678225  0.2623466594  0.323898013  0.3357109334  1.016510885  11.03121007  0.1453878225  
0.160401531  0.3253896731  1.509775329  1.558508204  0.1302690295  0.9028740688  3.030965541  4.797602368  4.904742772  1.641656543  4.364812779  2.37965212  12.78288767  1.261040612  3.087261789  5.586460676  1.895501421  1.204342527  0.261100092  0.3191612195  0.3357758117  1.003991636  11.02121932  0.1449435621  
0.1586638166  0.3271653127  1.506372709  1.550120904  0.1285324738  0.8888398266  3.030173475  4.780689649  4.890161293  1.642143165  4.353288181  2.37390292  12.73209653  1.262583487  3.063925262  5.586311473  1.890985756  1.205533267  0.2604541601  0.3178463719  0.3328444785  0.9941892338  10.98858578  0.1436815693  
0.1575481116  0.3303653787  1.502665274  1.540126133  0.1273820953  0.8735271597  3.031085306  4.772118989  4.875204971  1.64007323  4.336635363  2.368703752  12.69893617  1.262603031  3.040002086  5.565786676  1.881700347  1.207843962  0.2604460151  0.3135060265  0.3308941581  0.9851199121  10.98871884  0.1431838285  
0.1558766109  0.3324303672  1.49725366  1.533886923  0.1259872102  0.8601105985  3.034299226  4.75914455  4.85280101  1.641213403  4.328021865  2.362907058  12.65568923  1.260976159  3.022372833  5.558358724  1.879549464  1.206325692  0.2584556354  0.3101885576  0.3293951051  0.9771259422  10.96713405  0.1429599292  
0.1551185026  0.3337640216  1.495091526  1.525974882  0.1237318201  0.8480392584  3.02710965  4.748868413  4.840676104  1.640218191  4.311056698  2.358759044  12.60641386  1.260432607  3.004594121  5.543456673  1.871592921  1.210528829  0.2595935227  0.3066195746  0.3273205126  0.9681002707  10.94733648  0.1409706505  
0.1534640132  0.3354864505  1.492844001  1.516426398  0.1227348829  0.835885981  3.030025879  4.743275885  4.831718848  1.639575099  4.303589038  2.348554624  12.57298662  1.259925804  2.981625355  5.538128567  1.867346111  1.208934366  0.2568355086  0.3040633448  0.3260150316  0.9602521234  10.93522228  0.1410694167  
0.152504941  0.3384232538  1.487090061  1.510050933  0.1207049319  0.8248122464  3.031694208  4.730044226  4.816940479  1.6419669  4.29117832  2.347170314  12.5232505  1.260840522  2.967052297  5.530942896  1.865407295  1.209402201  0.2579601377  0.3006554042  0.324127362  0.9513871819  10.91967294  0.1396701558  
0.1515454116  0.3398337147  1.484898403  1.50196104  0.1198413087  0.8134098619  3.02704054  4.722105195  4.806993517  1.638485602  4.280027901  2.342194946  12.48564652  1.261398963  2.949111785  5.518100067  1.856403295  1.211040828  0.2556096422  0.2989235987  0.3216522298  0.9451384235  10.90493172  0.1389766995  
0.1501551492  0.3415734824  1.481918979  1.493980816  0.1190093038  0.802957778  3.024421331  4.715273785  4.79284731  1.638475335  4.259789212  2.33571861  12.45957066  1.261198277  2.93217897  5.509173599  1.84957943  1.214188479  0.2544161398  0.2969075044  0.3203239317  0.9349781067  10.89016047  0.1382921101  
0.1490148855  0.3431572746  1.478189681  1.489174591  0.1177978694  0.7889998643  3.02977813  4.702087974  4.781406623  1.637776499  4.252492492  2.332913489  12.41785857  1.262339296  2.911853037  5.496018115  1.845998885  1.213359573  0.2549456209  0.2925493483  0.3210436197  0.9318736985  10.88459413  0.1382616917  
0.1480103412  0.3459076066  1.474462266  1.483699316  0.1165883318  0.7808919096  3.030643317  4.692132811  4.768707575  1.635106357  4.241405851  2.330338883  12.38592438  1.258717546  2.900026922  5.488014821  1.84150167  1.210825562  0.2545989565  0.2911684473  0.319945194  0.9243879641  10.85543233  0.1369113653  
0.147003805  0.3473667492  1.472279941  1.476745875  0.1150582069  0.7708156404  3.028526673  4.68267587  4.756369987  1.636415475  4.230433885  2.322372552  12.35217207  1.259868154  2.881660841  5.483495665  1.83353508  1.216207954  0.2536039491  0.2870569957  0.3178222746  0.918190286  10.86084401  0.1359547192  
0.1455955621  0.3482325331  1.470990535  1.473120987  0.1142161629  0.7608515385  3.030625806  4.675343331  4.749885711  1.634057331  4.222633747  2.319720139  12.31642299  1.261827817  2.870254557  5.476109602  1.834863251  1.215459118  0.2524672026  0.2850667305  0.3167044937  0.9101983865  10.84206917  0.1348686948  
0.1451919828  0.3498724447  1.466712362  1.466804565  0.1130160664  0.7520281689  3.025384404  4.670741412  4.739066617  1.63429135  4.208250535  2.315435265  12.28986846  1.260134333  2.854255852  5.467828887  1.826405623  1.214784592  0.2518379482  0.2826977163  0.315725955  0.9054728254  10.82310801  0.1351954141  
0.1441647856  0.3515064687  1.468015813  1.458946945  0.1110421584  0.7414921576  3.027097559  4.660027604  4.724277798  1.63234985  4.199204994  2.311185245  12.25912184  1.261063086  2.840909143  5.464212354  1.821105701  1.216690489  0.2517070162  0.2805566005  0.3143835548  0.9000198955  10.8161281  0.1335313688  
0.1433714564  0.3528097481  1.461615353  1.455120771  0.1109150648  0.734148331  3.021801235  4.650935199  4.713722812  1.632650813  4.188686346  2.306054163  12.23196561  1.261403138  2.827815929  5.451795303  1.820753804  1.216288208  0.2507980931  0.2795457095  0.3140948654  0.8919909463  10.80302203  0.1342348574  
0.1421763544  0.3553759885  1.459297501  1.446443355  0.1098403687  0.7247844379  3.02514971  4.645949542  4.708598395  1.632179312  4.185881614  2.304816595  12.19447082  1.259536055  2.811304793  5.443672262  1.814800276  1.219734094  0.2489790861  0.277027454  0.3123370759  0.8857049259  10.79204853  0.1329676551  
0.1417332433  0.3556438467  1.456092604  1.445408843  0.1081725385  0.7161324677  3.028705194  4.637019076  4.695012449  1.632627394  4.174630373  2.3006245  12.16825707  1.261131637  2.801719048  5.436986022  1.812081104  1.217913813  0.2490215206  0.2734106272  0.3119561964  0.8799650802  10.78759686  0.1325542024  
0.1409553814  0.3571565031  1.457119499  1.439904084  0.1067845923  0.7084155306  3.025661038  4.630151588  4.686628289  1.631607398  4.161809529  2.299397685  12.14552397  1.258715581  2.790345194  5.427886901  1.809118706  1.218801944  0.2515564055  0.2717250841  0.3091267399  0.8745659552  10.76511701  0.1324982433  
0.1408874583  0.3587352752  1.455496496  1.435763184  0.1073001325  0.7004723057  3.022661135  4.624161332  4.679272906  1.631984953  4.156800366  2.294978043  12.11762885  1.257533408  2.777209185  5.420202631  1.805790172  1.21835102  0.247799925  0.2692471221  0.3091660424  0.8709779287  10.75796829  0.1319952439  
0.1401895317  0.36041576  1.452744127  1.429748631  0.1063499349  0.6927411136  3.025821219  4.616261265  4.675377608  1.630479107  4.148663655  2.293350894  12.09356416  1.257176414  2.765038622  5.416661167  1.797576329  1.221030002  0.2482730272  0.2674058957  0.3085410066  0.866673162  10.74843617  0.1304709832  
0.139564828  0.3606494405  1.450503438  1.426308349  0.1050133609  0.6848575785  3.027567672  4.607642461  4.664927601  1.631912194  4.139704377  2.288558794  12.06309951  1.259100216  2.75546241  5.413384588  1.800542883  1.218906708  0.2483031151  0.2670900852  0.3076017615  0.8613311218  10.73785749  0.1312297537  
0.1384078495  0.3624148279  1.448592077  1.419172333  0.104527686  0.6785391772  3.021828036  4.604636302  4.657347157  1.630381422  4.134209847  2.285264392  12.04179021  1.258481669  2.740982824  5.404789359  1.795030201  1.218025765  0.2468146674  0.2644977013  0.3069602211  0.854241423  10.72890705  0.1298634624  
0.1376660972  0.3633519338  1.445548872  1.415993601  0.1039047496  0.672259054  3.02131624  4.600019323  4.649756244  1.628544598  4.12256678  2.281619535  12.02574463  1.255381944  2.732209659  5.397370818  1.792393762  1.222649472  0.2461530655  0.2627462864  0.3061524737  0.8503965263  10.7158264  0.1300431826  
0.1366904089  0.36424214  1.443232774  1.409614368  0.1028755578  0.6653108213  3.024563163  4.593748172  4.63958707  1.628733811  4.117119144  2.278364329  12.00347875  1.259603648  2.7253155  5.391167111  1.790795271  1.219173118  0.2479901785  0.2598719826  0.3062954303  0.8479491914  10.70740874  0.1292922552  
0.1366964673  0.3654257098  1.441461321  1.408522831  0.1017218696  0.6579329365  3.021457938  4.586393959  4.637090096  1.628097387  4.108643439  2.275373638  11.97297733  1.26007182  2.711492432  5.389737903  1.78734673  1.220615359  0.2457671391  0.2589606316  0.3059144785  0.8429311165  10.696669  0.1282884232  
0.136020867  0.3657736221  1.440423531  1.401604657  0.1010233063  0.6529329876  3.022907646  4.576412406  4.625558357  1.628917072  4.104969037  2.272417314  11.9529701  1.261223321  2.703071266  5.378714419  1.782765209  1.224192349  0.2465298776  0.2579388612  0.3044519446  0.8413764609  10.6919737  0.1285355491  
0.1357148211  0.3675291493  1.438661155  1.39895513  0.1001632444  0.6462828468  3.020012214  4.576179641  4.619161875  1.627671414  4.097743387  2.271468253  11.9341817  1.259359887  2.692300288  5.374769006  1.780295317  1.222235041  0.2468338161  0.254427033  0.303341381  0.8326762906  10.68074486  0.1276982105  
0.1352866037  0.3684700572  1.435994856  1.395304995  0.09974028413  0.6400334784  3.021939897  4.568428459  4.61523759  1.626737732  4.08941632  2.26640245  11.91536718  1.256976392  2.685939409  5.368113536  1.774611356  1.222512766  0.2460730728  0.2536721827  0.3006818103  0.8336884992  10.67803479  0.1271057145  
0.1348035827  0.3691710386  1.436411275  1.392724627  0.09864661166  0.6355860231  3.022687117  4.56823833  4.60953315  1.622056114  4.083463358  2.265762879  11.89581982  1.255346038  2.679171616  5.359723037  1.774263738  1.224672031  0.24499251  0.2529747249  0.3011634595  0.8266709803  10.6593582  0.1269823501  
0.1342688309  0.3706198672  1.432740961  1.390862876  0.09782833492  0.6291409574  3.022760442  4.560350393  4.601697943  1.627200936  4.08161119  2.260970641  11.87914704  1.258743838  2.671778963  5.359642477  1.770863551  1.223723657  0.2439697396  0.2509127162  0.3009142168  0.8236578258  10.65431832  0.1272025872  
0.1335314972  0.3702791412  1.434523001  1.386023135  0.09756553332  0.6248826599  3.019156721  4.55564996  4.593628613  1.627456507  4.073460567  2.262437346  11.8637654  1.25645144  2.663072553  5.35400337  1.767369619  1.223649111  0.2443315662  0.2499786787  0.2994626299  0.8181028964  10.64579074  0.1262660708  
0.1334695347  0.3720394266  1.430102114  1.383101529  0.09764277814  0.6188944281  3.023830579  4.54754843  4.587974287  1.624695178  4.068683198  2.25784947  11.84706297  1.258964168  2.657282323  5.350052801  1.76848349  1.226853076  0.2442038393  0.2487384118  0.3008656656  0.8174949252  10.64152536  0.1258971815  
0.1328565091  0.3725120806  1.42916293  1.380608447  0.09635416967  0.6131218836  3.019255583  4.546556868  4.585363229  1.624339244  4.065006674  2.255755293  11.82917952  1.255194778  2.646598831  5.347751028  1.762947439  1.225640949  0.2428111949  0.2472226716  0.2993783444  0.8159948306  10.63503716  0.1261393543  
0.1319805519  0.3737690721  1.427832695  1.375120213  0.09551808398  0.6074106553  3.018689198  4.542308954  4.571962843  1.627496913  4.056651766  2.255968017  11.80813634  1.258312067  2.635268029  5.335979461  1.763483457  1.225041282  0.2433421523  0.2444390876  0.2990822936  0.8125730047  10.6161054  0.125427951  
0.1320126754  0.3750155256  1.425401004  1.373156795  0.0955603143  0.6039066638  3.016942154  4.535483653  4.570567541  1.624791153  4.053227916  2.254011157  11.79230322  1.257965168  2.632575666  5.337170001  1.761852953  1.227322654  0.2434983379  0.2445715466  0.2980289224  0.8077463464  10.616121  0.1241767103  
0.1314895302  0.3752880729  1.4231665  1.367236838  0.0946150787  0.5986108344  3.018111285  4.533239432  4.569339646  1.626709478  4.051196695  2.250090536  11.78205496  1.256093262  2.623397446  5.339307204  1.759655686  1.223333689  0.2420343008  0.2416320981  0.2977474417  0.8045531808  10.60134203  0.1247335211  
0.131027516  0.376176684  1.423484037  1.366790007  0.09390965643  0.5937638323  3.017451592  4.526947259  4.558163004  1.622753444  4.043609294  2.246992326  11.76942281  1.257879281  2.620041019  5.326378418  1.757932804  1.222833391  0.2425633426  0.2426684454  0.2976850059  0.8044789554  10.6214363  0.1234621027  
0.1308292931  0.3770746647  1.423776276  1.362901088  0.09357787746  0.5899110162  3.017164595  4.524713804  4.559042255  1.624580276  4.039706109  2.246956985  11.75035721  1.255259849  2.611221228  5.323978856  1.751061909  1.225884361  0.2416103784  0.2416262428  0.2976525696  0.7995636649  10.59650854  0.1241324761  
0.1305347568  0.3781767944  1.420263557  1.360436478  0.09336534546  0.5857296625  3.018586604  4.520431722  4.549092152  1.623910264  4.033201543  2.243760593  11.7340096  1.256842206  2.602109375  5.328075087  1.756276367  1.226085623  0.2428693848  0.2392932968  0.2966553973  0.7968052845  10.59479161  0.1237565863  
0.130077643  0.3779672639  1.420403103  1.357998995  0.09235132695  0.5809994274  3.019401163  4.52012185  4.550369355  1.623345965  4.026632821  2.244509045  11.72673715  1.257472048  2.596708819  5.317947123  1.75003739  1.227261802  0.242123177  0.2392868655  0.2964398845  0.7937472976  10.58782106  0.1232556713  
0.1298539552  0.3784446948  1.420082496  1.359289536  0.09249416814  0.5772965045  3.016934499  4.513753698  4.544456252  1.624509782  4.029557702  2.240298381  11.7116603  1.25565567  2.591488186  5.310068053  1.747183834  1.227460965  0.2417724286  0.2386328953  0.2958805516  0.7922235338  10.58347993  0.1242698451  
0.1294505054  0.379150606  1.421494013  1.355728244  0.0921619751  0.572475049  3.016080225  4.509966716  4.540465967  1.626368965  4.021490867  2.235868529  11.68681478  1.253772233  2.584099034  5.305539262  1.749673881  1.226206322  0.2419658136  0.2368133459  0.2961609765  0.7900222273  10.57162478  0.1226786698  
0.1291121324  0.3795158677  1.416019792  1.350881328  0.0908618793  0.568102227  3.016451009  4.506561059  4.537975078  1.62347681  4.016013164  2.235139334  11.67865402  1.256795125  2.580553711  5.311665891  1.74549408  1.225390872  0.2411151599  0.2355740114  0.2959871627  0.7861654721  10.56836389  0.1225822336  
0.1285437453  0.3806591964  1.415494181  1.348467508  0.09099851573  0.566022944  3.015435485  4.501352042  4.531482203  1.625537831  4.011714259  2.234546206  11.66590209  1.256249116  2.57728151  5.305327332  1.7474695  1.225796442  0.2411012916  0.2352250582  0.294468178  0.7857490838  10.56496629  0.1236557662  
0.1284880166  0.3799131583  1.41535647  1.348187483  0.08978064047  0.5635687826  3.013406195  4.498845166  4.533261042  1.62193049  4.009811135  2.233155277  11.65796751  1.255595876  2.572715186  5.298107635  1.743970458  1.229857512  0.2415220545  0.2348505111  0.2947158625  0.7821846089  10.56178932  0.1226662286  
0.127707108  0.3818001651  1.414517073  1.346169856  0.08987178999  0.5584310522  3.015263041  4.494054413  4.525946661  1.621095927  4.007317921  2.230397372  11.63614784  1.256116483  2.566094384  5.298630442  1.741620424  1.227405127  0.2406658643  0.2337524344  0.2940057381  0.7790104671  10.55055366  0.1229022185  
0.1277814773  0.3828343945  1.413891303  1.343457388  0.08919817948  0.5557214042  3.016460044  4.496071676  4.521130439  1.621626104  4.004268803  2.23134114  11.63222355  1.25664464  2.563740654  5.29320898  1.742720898  1.22727271  0.2397476173  0.2301942372  0.2933991672  0.7792968507  10.55106499  0.1224212255  
0.1273393283  0.3816346122  1.414575559  1.340950129  0.08903318117  0.5530081267  3.015164758  4.490923943  4.518121647  1.622619069  4.005669943  2.230389167  11.62674645  1.25318891  2.557120578  5.29279459  1.737495697  1.227370876  0.2405664396  0.2315349523  0.2929203231  0.7757975003  10.53874239  0.1216227953  
0.1278460584  0.3833833742  1.411996237  1.341084472  0.08858313845  0.5484215129  3.013653955  4.491185899  4.519924682  1.622162503  3.995939939  2.228032907  11.61845331  1.254598337  2.549157652  5.28755566  1.736115502  1.230219745  0.2409641796  0.2309838259  0.2923732666  0.7740882413  10.53660269  0.1219381337  
0.1274563204  0.3846054411  1.411855913  1.33424951  0.08870770957  0.5450440463  3.01395943  4.486172732  4.514980777  1.622705327  3.993157212  2.228482146  11.60911758  1.256124805  2.546689838  5.289206068  1.738162019  1.228537253  0.2406261283  0.2293416068  0.2935840072  0.7731900252  10.53568406  0.1217916508  
0.1271044424  0.384198774  1.408367283  1.334357415  0.08831918981  0.5436033307  3.0150977  4.48382332  4.506193847  1.624543739  3.989897519  2.224734857  11.5975554  1.253950152  2.54572844  5.282708368  1.735876815  1.226720129  0.2401624828  0.2295123879  0.2935689255  0.7707905646  10.53451554  0.1213272918  
0.1267412374  0.3841516086  1.409618771  1.334549645  0.0876488185  0.5404967576  3.01325432  4.479395079  4.505908834  1.622270957  3.988285877  2.224598949  11.59413204  1.254091338  2.540877414  5.281158262  1.733016529  1.23192368  0.2400494921  0.228617198  0.2921031873  0.7703912816  10.52861665  0.121229099  
0.1264421022  0.384685642  1.409502868  1.332040643  0.08738103134  0.538932987  3.01426422  4.479405659  4.505254488  1.622447905  3.985344423  2.221766061  11.57046976  1.255459551  2.536871131  5.279748293  1.734120533  1.230380336  0.2400721226  0.2276794186  0.2909262765  0.7675078917  10.52107016  0.1208585344  
0.1264966883  0.3851932558  1.408790999  1.332678719  0.08688159275  0.5356862702  3.012860685  4.477305537  4.498198428  1.622942963  3.980168246  2.224053645  11.56869649  1.252090743  2.531818345  5.282597519  1.732125603  1.230862802  0.2399130989  0.2264670207  0.291700445  0.7640833321  10.50396809  0.1209984851  
0.1257074185  0.3864740369  1.407098124  1.330977167  0.08664938142  0.5327037559  3.01523838  4.470922051  4.497957162  1.621518371  3.981541061  2.224049772  11.56419872  1.255246993  2.530508847  5.27143373  1.72942929  1.230472541  0.2386968188  0.2256580747  0.2919148233  0.7666064749  10.5087576  0.1207404779  
0.1256217805  0.3860531867  1.406607224  1.328185209  0.08620043736  0.5315029098  3.01376061  4.470972939  4.497131318  1.619169344  3.977437867  2.218394177  11.55574909  1.254803506  2.528141359  5.267897267  1.730382272  1.228240302  0.2394242888  0.2248892959  0.2904159859  0.7622974281  10.50877059  0.1207422843  
0.126134006  0.3870984508  1.403283752  1.328317548  0.08675471595  0.5301543458  3.012656139  4.46887324  4.493805106  1.621263385  3.97767665  2.216304239  11.55057629  1.253382065  2.521036834  5.264309512  1.729684898  1.228896731  0.240131634  0.2257265206  0.2903065786  0.7619140478  10.50315689  0.1212298746  
0.1257727518  0.3878076873  1.407030333  1.32683061  0.08569334708  0.5271033792  3.011426775  4.464072443  4.489188615  1.620577577  3.971572948  2.219422604  11.53415587  1.254874048  2.517668054  5.271779013  1.727805183  1.233018282  0.2395349294  0.2244395979  0.2906403302  0.7603846825  10.50129394  0.1199933045  
0.1258468609  0.3878974391  1.404757495  1.324122061  0.08575339674  0.5247202963  3.014278595  4.464326047  4.485792938  1.622891242  3.966456086  2.217880872  11.53030788  1.255505665  2.511449782  5.263625819  1.726612871  1.23158663  0.239347385  0.2239610664  0.2903800915  0.7578435439  10.50167865  0.1197699293  
0.1253392133  0.3876192941  1.403501914  1.32288017  0.08552254025  0.5217892009  3.012330596  4.463588551  4.488191111  1.619816008  3.970359614  2.215221684  11.5279114  1.25312764  2.508663354  5.263718999  1.727999211  1.229511235  0.2409439419  0.2230613328  0.2917895013  0.7583206159  10.49109604  0.1202136667  
0.1248459157  0.3869370961  1.40492771  1.320616229  0.08553051009  0.520914292  3.014946762  4.461213658  4.479863908  1.620467225  3.965471177  2.213943528  11.52402917  1.255641143  2.510068597  5.261584921  1.727027161  1.230783677  0.2397247967  0.2230111356  0.2904753787  0.7565572826  10.4928882  0.1201376942  
0.1245211717  0.3879711613  1.40531641  1.322041528  0.08474450086  0.5187935563  3.01189481  4.461075343  4.485503375  1.623499884  3.967067535  2.216107815  11.51256502  1.253657233  2.507458903  5.257715837  1.727504555  1.231617922  0.238800413  0.223121932  0.2916961432  0.7548550882  10.49111619  0.1200357559  
0.1251049256  0.3878410249  1.403501079  1.318993373  0.08513555652  0.5172414084  3.010979478  4.459318193  4.483834143  1.619149709  3.963220277  2.213574613  11.50505303  1.254166688  2.506390873  5.254566982  1.724943857  1.231444867  0.2391340094  0.2214360326  0.2896381818  0.7554938749  10.48947113  0.1192539313  
0.1249871257  0.3883429441  1.404254236  1.31969904  0.08469090858  0.5156468157  3.009873654  4.459809297  4.476838658  1.618034654  3.960135605  2.214020539  11.50591306  1.252997304  2.501092394  5.255204187  1.721301107  1.228088907  0.2395084297  0.2223322379  0.2896924867  0.7571027072  10.48456137  0.1187327256  
0.1249246385  0.3891008757  1.403454268  1.316553919  0.08454214072  0.513361107  3.013598056  4.453822864  4.474196552  1.619630134  3.960799619  2.214724215  11.49313594  1.253740908  2.501609439  5.257230503  1.722128819  1.229963083  0.2395400099  0.2226543212  0.289670059  0.7521274019  10.48208114  0.1204893007  
0.1245471178  0.3896733117  1.404146886  1.318328333  0.08445011665  0.5131274439  3.012434636  4.453618958  4.475473819  1.620906658  3.957324882  2.21063668  11.49539995  1.253933082  2.497221493  5.254987743  1.721364633  1.233073588  0.238206559  0.2205341819  0.2894452493  0.7537889141  10.48297157  0.1201806807  
0.1240798821  0.3898571624  1.402482433  1.315855937  0.08417497823  0.5105375397  3.013710162  4.453087389  4.475103039  1.618128057  3.957659968  2.210867736  11.48876447  1.253175336  2.495192132  5.25200568  1.716480461  1.228796611  0.2382119959  0.2207785741  0.289169923  0.7508793659  10.47028194  0.1189944063  
0.1239274308  0.3890714364  1.402979356  1.317572001  0.08451769447  0.5102965029  3.010967469  4.453045692  4.476221182  1.618920972  3.955638547  2.208571045  11.48164919  1.255351613  2.495497034  5.250603281  1.71993973  1.230720974  0.2377589758  0.2199578973  0.2887872616  0.7484615529  10.4843278  0.119564508  
0.1247374273  0.3899461334  1.401512286  1.316942061  0.08341895471  0.5091246578  3.009297556  4.449113618  4.471809499  1.617752119  3.956765795  2.211385828  11.4826334  1.254547044  2.490758391  5.249491202  1.718592969  1.23058581  0.2377500022  0.2206814896  0.2888218821  0.7494872527  10.47095127  0.1186731787  
0.1242657906  0.3895395173  1.401176444  1.314359037  0.08306595062  0.5094662884  3.013243976  4.448998278  4.47193517  1.620464073  3.955005151  2.210845141  11.47164073  1.25352773  2.489655669  5.248589947  1.719507081  1.230170691  0.2388900661  0.2193131597  0.2867331987  0.748538782  10.46827887  0.1184201051  
0.1243538495  0.3902101379  1.399134656  1.314315869  0.08317152232  0.5061667856  3.010137187  4.450571244  4.473072413  1.620544264  3.953275031  2.211441117  11.47601958  1.251095244  2.490855866  5.250856469  1.719338405  1.22994046  0.2386838698  0.2196090431  0.2890173343  0.7475342534  10.47133239  0.1193039639  
0.1239612596  0.3903908275  1.400242734  1.312657069  0.08404646231  0.505454518  3.009971342  4.450944743  4.469878463  1.618221551  3.950570653  2.208202704  11.46212533  1.256036054  2.487099022  5.243719703  1.721584495  1.231937921  0.2388114362  0.2184596367  0.2878002537  0.7476809539  10.47126512  0.1191395795  
0.1239630416  0.3908925671  1.400958652  1.313291895  0.08347789915  0.5051640232  3.009106052  4.444591516  4.466762191  1.616485553  3.950313562  2.209393676  11.46337928  1.254331154  2.485430048  5.254062847  1.719098144  1.232692914  0.2378669574  0.2185982488  0.2882007487  0.7498556087  10.46482364  0.1188447739  
0.1238811747  0.3901911364  1.398690409  1.310680574  0.08391958528  0.5039573073  3.00847626  4.446905296  4.464774388  1.616765905  3.950544817  2.203487294  11.4641803  1.252526198  2.484587592  5.247170011  1.717257931  1.232013375  0.2386777066  0.218723441  0.2871545568  0.746610105  10.47011065  0.11876367  
0.1239497967  0.3908236792  1.40069699  1.310965772  0.08363282988  0.5045123405  3.012004618  4.443920482  4.469755038  1.619751142  3.947950682  2.205571132  11.45584472  1.255713737  2.482743485  5.244561226  1.71937647  1.235174495  0.2376705404  0.2185608363  0.2891453683  0.7462240621  10.46625105  0.1190004783  
0.1236383959  0.3909855367  1.400833502  1.31001761  0.08341975637  0.5040829163  3.011609471  4.445553566  4.466339752  1.617932402  3.948859296  2.209870158  11.46720948  1.253197067  2.480488481  5.24563252  1.718203907  1.231508726  0.2386221382  0.2183567946  0.2870423879  0.7445679034  10.46536863  0.1186293696  
0.1235187289  0.3913124762  1.400479542  1.309417214  0.08285576132  0.5014875333  3.009871052  4.443381581  4.465169019  1.618946701  3.945358671  2.207736858  11.45897173  1.254709113  2.480712341  5.241787327  1.717663372  1.230831126  0.2376725811  0.2181831859  0.2876066891  0.7456159026  10.46132012  0.1188771906  
0.123547583  0.3901127423  1.401735728  1.309680112  0.08322858583  0.5018485672  3.009461645  4.446331598  4.461529657  1.618597068  3.944480637  2.208138652  11.46424171  1.25298338  2.482148644  5.249176551  1.716613371  1.228069148  0.2366999663  0.2181379075  0.2884237714  0.7434500364  10.47371178  0.1188666344  
0.1237038061  0.3913017787  1.399129612  1.310761098  0.08263738136  0.5017173837  3.009535841  4.446527916  4.462044471  1.614976775  3.947109224  2.206210035  11.45385797  1.253825445  2.478225051  5.242858979  1.714603407  1.23404504  0.2374322835  0.2170518224  0.2894533298  0.7444545938  10.46571637  0.1186689595  
0.1238246308  0.3904919612  1.39893895  1.308222671  0.08280687338  0.5013306557  3.008828919  4.445714647  4.46648778  1.618043223  3.944675878  2.203002433  11.44894081  1.254242892  2.475505387  5.240705688  1.717997365  1.233469848  0.237403772  0.217983362  0.2860678529  0.7456421798  10.46182286  0.1184950123  
0.123562464  0.3910131855  1.399815088  1.30836136  0.08205544179  0.5006468736  3.007468  4.442730827  4.461255132  1.620344041  3.946816289  2.209034022  11.45256834  1.253857824  2.481024071  5.245200307  1.717456275  1.232042261  0.2380467849  0.2181157529  0.2890698043  0.742894361  10.46943181  0.1181986084  
0.1233793333  0.3910132381  1.399339796  1.310135891  0.08315156724  0.5000653847  3.012661694  4.438534162  4.460614405  1.618092001  3.943823083  2.205695082  11.45476106  1.251685351  2.479150445  5.245780463  1.717572574  1.233126495  0.2374350899  0.2172383569  0.2876665368  0.7446156943  10.4569042  0.1181687376  
0.1238653084  0.3903673764  1.398164712  1.309644847  0.08275689708  0.5008254885  3.008737993  4.440967676  4.461091666  1.622024292  3.942614132  2.20492712  11.44873456  1.254694599  2.478289554  5.241580761  1.71715417  1.231426965  0.2380219552  0.2177556585  0.2877358484  0.7451667581  10.46000532  0.1178231733  
0.1239924001  0.3904795792  1.397386963  1.309296391  0.08320251476  0.4999726455  3.006893194  4.44407407  4.463862044  1.621895202  3.950040423  2.207958035  11.45346068  1.253499143  2.478863867  5.24647562  1.715838663  1.23328855  0.2382347778  0.2186463996  0.2876046893  0.7425817337  10.460647  0.1192105079  
